216,52
216,51
216,50
216,49
216,48
216,47
216,46
216,45
216,44
216,43
216,42
216,41
216,40
216,39
216,38
216,37
216,36
216,35
10,87
10,212
10,245
10,165
10,251
10,221
10,185
10,111
11,12
11,22
11,19
11,7
11,28
8,5
8,17
8,11
214,4
214,3
214,1
212,3
212,1
211,3
211,1
209,5
209,3
209,1
208,4
208,3
208,1
207,4
207,1
206,4
206,3
206,1
205,3
205,1
20,3
20,2
20,1
19,3
19,2
19,1
12,3
12,2
12,1
11,29
11,25
11,21
11,20
11,14
11,11
11,10
11,9
11,3
11,2
11,1
10,264
10,222
10,206
10,166
10,141
10,99
10,67
18,1
10,18
18,3
10,3
10,2
14,1
10,1
14,3
9,7
9,5
13,1
9,3
13,3
9,2
9,1
8,14
8,12
8,10
8,7
8,6
8,4
8,3
8,2
8,1
3,3
3,2
3,1
2,2
2,3
2,1
0,472
0,389
